for i = linspace(0.5, 40, 80)
i
gather_data(i, 10)'
end

i =

    0.5000


ans =

   1.0e+09 *

    0.0000
    0.0000
    0.0000
    0.0000
    0.0000
    0.0000
    0.0000
    0.0007
    0.0111
    0.2031
    4.1014


i =

     1


ans =

   1.0e+06 *

    0.0000
    0.0000
    0.0000
    0.0000
    0.0000
    0.0000
    0.0002
    0.0016
    0.0132
    0.1203
    1.2147


i =

    1.5000


ans =

   1.0e+03 *

    0.0000
    0.0001
    0.0000
    0.0003
    0.0005
    0.0021
    0.0080
    0.0386
    0.2083
    1.2653
    8.5173


i =

     2


ans =

    0.0188
    0.0489
    0.0151
    0.0827
    0.0357
    0.2604
    0.6066
    2.3855
    9.4404
   43.2637
  218.1409


i =

    2.5000


ans =

    0.0079
    0.0249
    0.0144
    0.0333
    0.0081
    0.0585
    0.0585
    0.2627
    0.7476
    2.8393
   11.3429


i =

     3


ans =

    0.0035
    0.0130
    0.0094
    0.0155
    0.0090
    0.0199
    0.0011
    0.0466
    0.0778
    0.2887
    0.9149


i =

    3.5000


ans =

    0.0017
    0.0070
    0.0056
    0.0078
    0.0058
    0.0086
    0.0041
    0.0129
    0.0068
    0.0428
    0.0963


i =

     4


ans =

    0.0008
    0.0038
    0.0032
    0.0041
    0.0034
    0.0042
    0.0031
    0.0050
    0.0013
    0.0095
    0.0106


i =

    4.5000


ans =

    0.0004
    0.0021
    0.0018
    0.0022
    0.0020
    0.0022
    0.0019
    0.0024
    0.0015
    0.0031
    0.0003


i =

     5


ans =

    0.0002
    0.0011
    0.0010
    0.0012
    0.0011
    0.0012
    0.0011
    0.0012
    0.0010
    0.0014
    0.0007


i =

    5.5000


ans =

   1.0e-03 *

    0.1021
    0.6409
    0.5918
    0.6588
    0.6247
    0.6557
    0.6243
    0.6625
    0.6091
    0.6937
    0.5441


i =

     6


ans =

   1.0e-03 *

    0.0530
    0.3601
    0.3371
    0.3677
    0.3537
    0.3654
    0.3546
    0.3666
    0.3513
    0.3735
    0.3375


i =

    6.5000


ans =

   1.0e-03 *

    0.0279
    0.2034
    0.1925
    0.2068
    0.2008
    0.2054
    0.2015
    0.2055
    0.2008
    0.2071
    0.1978


i =

     7


ans =

   1.0e-03 *

    0.0148
    0.1155
    0.1102
    0.1170
    0.1144
    0.1163
    0.1148
    0.1162
    0.1147
    0.1165
    0.1140


i =

    7.5000


ans =

   1.0e-04 *

    0.0791
    0.6583
    0.6321
    0.6653
    0.6536
    0.6614
    0.6557
    0.6608
    0.6557
    0.6615
    0.6540


i =

     8


ans =

   1.0e-04 *

    0.0427
    0.3767
    0.3636
    0.3799
    0.3746
    0.3779
    0.3757
    0.3775
    0.3758
    0.3777
    0.3754


i =

    8.5000


ans =

   1.0e-04 *

    0.0232
    0.2162
    0.2096
    0.2178
    0.2153
    0.2168
    0.2158
    0.2165
    0.2159
    0.2165
    0.2158


i =

     9


ans =

   1.0e-04 *

    0.0126
    0.1245
    0.1211
    0.1252
    0.1241
    0.1247
    0.1243
    0.1246
    0.1244
    0.1246
    0.1243


i =

    9.5000


ans =

   1.0e-05 *

    0.0694
    0.7185
    0.7010
    0.7222
    0.7165
    0.7195
    0.7178
    0.7190
    0.7181
    0.7189
    0.7180


i =

    10


ans =

   1.0e-05 *

    0.0383
    0.4157
    0.4066
    0.4175
    0.4148
    0.4162
    0.4154
    0.4159
    0.4155
    0.4158
    0.4155


i =

   10.5000


ans =

   1.0e-05 *

    0.0212
    0.2410
    0.2363
    0.2419
    0.2406
    0.2412
    0.2409
    0.2411
    0.2410
    0.2411
    0.2410


i =

    11


ans =

   1.0e-05 *

    0.0118
    0.1400
    0.1375
    0.1405
    0.1398
    0.1401
    0.1400
    0.1401
    0.1400
    0.1401
    0.1400


i =

   11.5000


ans =

   1.0e-06 *

    0.0659
    0.8150
    0.8017
    0.8173
    0.8140
    0.8154
    0.8147
    0.8151
    0.8149
    0.8151
    0.8149


i =

    12


ans =

   1.0e-06 *

    0.0369
    0.4751
    0.4680
    0.4763
    0.4746
    0.4753
    0.4750
    0.4752
    0.4751
    0.4751
    0.4751


i =

   12.5000


ans =

   1.0e-06 *

    0.0207
    0.2774
    0.2736
    0.2780
    0.2772
    0.2775
    0.2773
    0.2774
    0.2774
    0.2774
    0.2774


i =

    13


ans =

   1.0e-06 *

    0.0117
    0.1622
    0.1601
    0.1625
    0.1621
    0.1622
    0.1622
    0.1622
    0.1622
    0.1622
    0.1622


i =

   13.5000


ans =

   1.0e-07 *

    0.0660
    0.9495
    0.9384
    0.9512
    0.9489
    0.9497
    0.9494
    0.9496
    0.9495
    0.9495
    0.9495


i =

    14


ans =

   1.0e-07 *

    0.0374
    0.5566
    0.5505
    0.5574
    0.5563
    0.5567
    0.5565
    0.5566
    0.5565
    0.5566
    0.5566


i =

   14.5000


ans =

   1.0e-07 *

    0.0212
    0.3266
    0.3233
    0.3271
    0.3264
    0.3267
    0.3266
    0.3266
    0.3266
    0.3266
    0.3266


i =

    15


ans =

   1.0e-07 *

    0.0121
    0.1919
    0.1901
    0.1921
    0.1918
    0.1919
    0.1919
    0.1919
    0.1919
    0.1919
    0.1919


i =

   15.5000


ans =

   1.0e-07 *

    0.0069
    0.1128
    0.1118
    0.1130
    0.1128
    0.1128
    0.1128
    0.1128
    0.1128
    0.1128
    0.1128


i =

    16


ans =

   1.0e-08 *

    0.0393
    0.6640
    0.6586
    0.6647
    0.6638
    0.6641
    0.6640
    0.6641
    0.6640
    0.6641
    0.6640


i =

   16.5000


ans =

   1.0e-08 *

    0.0225
    0.3912
    0.3882
    0.3916
    0.3911
    0.3912
    0.3912
    0.3912
    0.3912
    0.3912
    0.3912


i =

    17


ans =

   1.0e-08 *

    0.0129
    0.2306
    0.2290
    0.2308
    0.2306
    0.2307
    0.2306
    0.2306
    0.2306
    0.2306
    0.2306


i =

   17.5000


ans =

   1.0e-08 *

    0.0074
    0.1361
    0.1352
    0.1362
    0.1361
    0.1361
    0.1361
    0.1361
    0.1361
    0.1361
    0.1361


i =

    18


ans =

   1.0e-09 *

    0.0425
    0.8036
    0.7984
    0.8042
    0.8034
    0.8037
    0.8036
    0.8036
    0.8036
    0.8036
    0.8036


i =

   18.5000


ans =

   1.0e-09 *

    0.0245
    0.4749
    0.4719
    0.4752
    0.4748
    0.4749
    0.4748
    0.4749
    0.4749
    0.4749
    0.4749


i =

    19


ans =

   1.0e-09 *

    0.0141
    0.2808
    0.2791
    0.2810
    0.2807
    0.2808
    0.2808
    0.2808
    0.2808
    0.2808
    0.2808


i =

   19.5000


ans =

   1.0e-09 *

    0.0081
    0.1661
    0.1652
    0.1662
    0.1661
    0.1661
    0.1661
    0.1661
    0.1661
    0.1661
    0.1661


i =

    20


ans =

   1.0e-10 *

    0.0470
    0.9836
    0.9784
    0.9841
    0.9834
    0.9836
    0.9835
    0.9836
    0.9836
    0.9836
    0.9836


i =

   20.5000


ans =

   1.0e-10 *

    0.0272
    0.5826
    0.5797
    0.5829
    0.5826
    0.5826
    0.5826
    0.5826
    0.5826
    0.5826
    0.5826


i =

    21


ans =

   1.0e-10 *

    0.0158
    0.3453
    0.3437
    0.3455
    0.3453
    0.3453
    0.3453
    0.3453
    0.3453
    0.3453
    0.3453


i =

   21.5000


ans =

   1.0e-10 *

    0.0091
    0.2048
    0.2039
    0.2049
    0.2048
    0.2048
    0.2048
    0.2048
    0.2048
    0.2048
    0.2048


i =

    22


ans =

   1.0e-10 *

    0.0053
    0.1215
    0.1210
    0.1215
    0.1215
    0.1215
    0.1215
    0.1215
    0.1215
    0.1215
    0.1215


i =

   22.5000


ans =

   1.0e-11 *

    0.0308
    0.7212
    0.7182
    0.7214
    0.7211
    0.7212
    0.7212
    0.7212
    0.7212
    0.7212
    0.7212


i =

    23


ans =

   1.0e-11 *

    0.0179
    0.4283
    0.4266
    0.4284
    0.4282
    0.4283
    0.4283
    0.4283
    0.4283
    0.4283
    0.4283


i =

   23.5000


ans =

   1.0e-11 *

    0.0104
    0.2544
    0.2535
    0.2545
    0.2544
    0.2544
    0.2544
    0.2544
    0.2544
    0.2544
    0.2544


i =

    24


ans =

   1.0e-11 *

    0.0061
    0.1512
    0.1507
    0.1513
    0.1512
    0.1512
    0.1512
    0.1512
    0.1512
    0.1512
    0.1512


i =

   24.5000


ans =

   1.0e-12 *

    0.0354
    0.8992
    0.8961
    0.8995
    0.8992
    0.8992
    0.8992
    0.8992
    0.8992
    0.8992
    0.8992


i =

    25


ans =

   1.0e-12 *

    0.0206
    0.5349
    0.5331
    0.5350
    0.5349
    0.5349
    0.5349
    0.5349
    0.5349
    0.5349
    0.5349


i =

   25.5000


